<?xml version="1.0" encoding="UTF-8"?>
<kml xmlns="http://earth.google.com/kml/2.1">
<Document>
	<name>Strada2.kml</name>
	<Style id="roadStyle">
		<LineStyle>
			<color>7fcf0064</color>
			<width>6</width>
		</LineStyle>
	</Style>
	<Placemark>
		<name>Strada</name>
		<description><![CDATA[Distanza: 7.1&#160;km (circa 13 min)<br/>Map data &#169;2008 Tele Atlas]]></description>
		<styleUrl>#roadStyle</styleUrl>
		<MultiGeometry>
			<LineString>
				<coordinates>
7.646570000000001,45.05985,0 7.64654,45.0598,0 7.64654,45.0598,0 7.646070000000001,45.05962000000001,0 7.646070000000001,45.05962000000001,0 7.645520000000001,45.06047,0 7.645590000000001,45.06059,0 7.64554,45.06087000000001,0 7.64547,45.06096000000001,0 7.645260000000001,45.06109,0 7.64506,45.06611,0 7.645090000000001,45.06633,0 7.645090000000001,45.06633,0 7.63861,45.06884,0 7.63861,45.06884,0 7.641640000000001,45.07322,0 7.64365,45.07592,0 7.64365,45.07592,0 7.64637,45.07964000000001,0 7.64859,45.08293,0 7.650020000000001,45.08492,0 7.651600000000001,45.08734,0 7.651600000000001,45.08734,0 7.65698,45.09524,0 7.661190000000001,45.10153,0 7.661190000000001,45.10153,0 7.66155,45.10183,0 7.662660000000001,45.10359,0 7.66293,45.10414000000001,0 7.6633,45.10467,0 7.6633,45.10515,0 7.6633,45.10515,0 7.66345,45.11111,0 7.66345,45.11111,0 7.664230000000001,45.11094,0 7.664230000000001,45.11094,0 7.664960000000001,45.11109,0 7.66741,45.11109,0 7.670230000000001,45.11116,0 </coordinates>
			</LineString>
		</MultiGeometry>
	</Placemark>
</Document>
</kml>
