<?xml version="1.0" encoding="UTF-8"?>
<kml xmlns="http://earth.google.com/kml/2.1">
<Document>
	<name>Strada1.kml</name>
	<Style id="roadStyle">
		<LineStyle>
			<color>7fcf0064</color>
			<width>6</width>
		</LineStyle>
	</Style>
	<Placemark>
		<name>Strada</name>
		<description><![CDATA[Distanza: 9.6&#160;km (circa 17 min)<br/>Map data &#169;2008 Tele Atlas]]></description>
		<styleUrl>#roadStyle</styleUrl>
		<MultiGeometry>
			<LineString>
				<coordinates>
7.6457,45.04872,0 7.645500000000001,45.04840000000001,0 7.645500000000001,45.04840000000001,0 7.64478,45.04731000000001,0 7.64478,45.04731000000001,0 7.637750000000001,45.04969,0 7.63466,45.05078000000001,0 7.63466,45.05078000000001,0 7.6349,45.05524000000001,0 7.6349,45.05524000000001,0 7.635210000000001,45.06028,0 7.635450000000001,45.0618,0 7.638690000000001,45.06899000000001,0 7.639420000000001,45.06997,0 7.64061,45.07177000000001,0 7.641640000000001,45.07322,0 7.64365,45.07592,0 7.64365,45.07592,0 7.64637,45.07964000000001,0 7.64859,45.08293,0 7.650020000000001,45.08492,0 7.651600000000001,45.08734,0 7.651600000000001,45.08734,0 7.65698,45.09524,0 7.661190000000001,45.10153,0 7.661190000000001,45.10153,0 7.66155,45.10183,0 7.662660000000001,45.10359,0 7.66293,45.10414000000001,0 7.6633,45.10467,0 7.6633,45.10515,0 7.6633,45.10515,0 7.66345,45.11111,0 7.66345,45.11111,0 7.664230000000001,45.11094,0 7.664230000000001,45.11094,0 7.664960000000001,45.11109,0 7.66566,45.11107000000001,0 7.67088,45.11118,0 7.67126,45.11116,0 7.677920000000001,45.11027,0 7.68016,45.11001000000001,0 </coordinates>
			</LineString>
		</MultiGeometry>
	</Placemark>
</Document>
</kml>
